R1 = 5e3;
Rf = 10e3;
v1 = 10;
v2 = 12;
v_o = (Rf/R1)*(v2 - v1)